IMG_0296.png	0.208824 0.452397 0.338779
IMG_0297.png	0.222771 0.455407 0.321822
IMG_0298.png	0.237920 0.465939 0.296141
IMG_0300.png	0.207934 0.452248 0.339818
IMG_0301.png	0.211604 0.452250 0.336146
IMG_0302.png	0.217042 0.455082 0.327876
IMG_0303.png	0.216847 0.455522 0.327631
IMG_0305.png	0.216982 0.457281 0.325737
IMG_0306.png	0.215525 0.454235 0.330240
IMG_0307.png	0.216216 0.454677 0.329106
IMG_0310.png	0.208609 0.451655 0.339737
IMG_0313.png	0.216469 0.454356 0.329175
IMG_0314.png	0.216272 0.455031 0.328697
IMG_0315.png	0.216753 0.455828 0.327419
IMG_0316.png	0.214799 0.455180 0.330021
IMG_0317.png	0.215889 0.451957 0.332154
IMG_0318.png	0.211975 0.453794 0.334231
IMG_0319.png	0.218601 0.457181 0.324218
IMG_0320.png	0.213886 0.453618 0.332496
IMG_0321.png	0.213913 0.452781 0.333306
IMG_0323.png	0.215338 0.454477 0.330185
IMG_0324.png	0.221138 0.456953 0.321909
IMG_0325.png	0.215365 0.473643 0.310991
IMG_0327.png	0.232670 0.477171 0.290160
IMG_0328.png	0.213355 0.450757 0.335888
IMG_0329.png	0.212653 0.451633 0.335714
IMG_0332.png	0.218004 0.455658 0.326337
IMG_0333.png	0.217049 0.456171 0.326780
IMG_0334.png	0.216128 0.455155 0.328716
IMG_0335.png	0.208362 0.452368 0.339270
IMG_0336.png	0.208910 0.451759 0.339331
IMG_0337.png	0.208720 0.451948 0.339332
IMG_0339.png	0.211618 0.452953 0.335430
IMG_0340.png	0.209146 0.455231 0.335622
IMG_0341.png	0.211991 0.453344 0.334665
IMG_0342.png	0.211195 0.449906 0.338899
IMG_0343.png	0.230159 0.457651 0.312190
IMG_0344.png	0.213316 0.457582 0.329102
IMG_0345.png	0.211082 0.458433 0.330484
IMG_0350.png	0.207158 0.451657 0.341185
IMG_0351.png	0.213889 0.453249 0.332862
IMG_0352.png	0.219597 0.454139 0.326264
IMG_0353.png	0.211125 0.453490 0.335384
IMG_0354.png	0.218976 0.454156 0.326868
IMG_0355.png	0.207217 0.453208 0.339575
IMG_0361.png	0.254660 0.479127 0.266213
IMG_0362.png	0.249743 0.479626 0.270632
IMG_0363.png	0.232671 0.458214 0.309115
IMG_0364.png	0.223781 0.457503 0.318716
IMG_0365.png	0.233363 0.455879 0.310758
IMG_0366.png	0.232277 0.457366 0.310358
IMG_0367.png	0.230669 0.457302 0.312029
IMG_0368.png	0.226285 0.455986 0.317728
IMG_0369.png	0.227134 0.456892 0.315975
IMG_0370.png	0.211535 0.452989 0.335476
IMG_0371.png	0.209378 0.451805 0.338816
IMG_0372.png	0.209684 0.453753 0.336563
IMG_0374.png	0.210513 0.452752 0.336735
IMG_0375.png	0.211387 0.451319 0.337294
IMG_0376.png	0.212349 0.456001 0.331649
IMG_0377.png	0.211006 0.453561 0.335433
IMG_0378.png	0.211336 0.453205 0.335459
IMG_0379.png	0.211374 0.453022 0.335604
IMG_0380.png	0.211452 0.453112 0.335436
IMG_0381.png	0.211178 0.454226 0.334596
IMG_0382.png	0.212941 0.451834 0.335225
IMG_0383.png	0.227110 0.487965 0.284925
IMG_0384.png	0.208127 0.455356 0.336517
IMG_0385.png	0.231974 0.457403 0.310623
IMG_0386.png	0.235840 0.456751 0.307408
IMG_0387.png	0.208965 0.451393 0.339642
IMG_0388.png	0.200751 0.448089 0.351160
IMG_0389.png	0.203799 0.445651 0.350550
IMG_0390.png	0.222247 0.455937 0.321816
IMG_0392.png	0.217435 0.447736 0.334829
IMG_0393.png	0.233408 0.458599 0.307992
IMG_0394.png	0.219625 0.457111 0.323264
IMG_0395.png	0.232059 0.457433 0.310508
IMG_0396.png	0.218029 0.466976 0.314995
IMG_0397.png	0.218942 0.463025 0.318033
IMG_0398.png	0.218766 0.460301 0.320933
IMG_0399.png	0.229257 0.456620 0.314123
IMG_0400.png	0.232152 0.457272 0.310575
IMG_0401.png	0.212020 0.452905 0.335075
IMG_0402.png	0.213811 0.453032 0.333157
IMG_0403.png	0.213460 0.452921 0.333618
IMG_0404.png	0.215190 0.453826 0.330984
IMG_0405.png	0.214763 0.454231 0.331006
IMG_0406.png	0.218477 0.454231 0.327292
IMG_0407.png	0.218945 0.454091 0.326964
IMG_0408.png	0.213285 0.452431 0.334284
IMG_0409.png	0.213867 0.451511 0.334622
IMG_0410.png	0.262652 0.458668 0.278680
IMG_0411.png	0.213635 0.453293 0.333072
IMG_0412.png	0.217886 0.455029 0.327085
IMG_0413.png	0.232521 0.461048 0.306432
IMG_0414.png	0.219676 0.457935 0.322389
IMG_0416.png	0.230713 0.464035 0.305252
IMG_0417.png	0.207715 0.458021 0.334263
IMG_0418.png	0.246922 0.460768 0.292311
IMG_0419.png	0.239028 0.458381 0.302590
IMG_0420.png	0.212938 0.453137 0.333925
IMG_0421.png	0.214770 0.455020 0.330210
IMG_0422.png	0.213575 0.453625 0.332800
IMG_0423.png	0.215793 0.454437 0.329770
IMG_0424.png	0.213936 0.452593 0.333470
IMG_0425.png	0.211771 0.451926 0.336303
IMG_0426.png	0.215782 0.453352 0.330866
IMG_0427.png	0.215506 0.451795 0.332700
IMG_0428.png	0.212649 0.452677 0.334674
IMG_0429.png	0.269800 0.456076 0.274124
IMG_0430.png	0.242382 0.453844 0.303775
IMG_0431.png	0.206731 0.451348 0.341921
IMG_0432.png	0.216785 0.455569 0.327645
IMG_0434.png	0.225029 0.460427 0.314544
IMG_0435.png	0.241841 0.463365 0.294795
IMG_0436.png	0.249975 0.466383 0.283643
IMG_0437.png	0.216452 0.455355 0.328192
IMG_0438.png	0.232253 0.460611 0.307137
IMG_0439.png	0.204021 0.446826 0.349154
IMG_0440.png	0.238600 0.458453 0.302947
IMG_0441.png	0.209615 0.448838 0.341547
IMG_0442.png	0.207331 0.451253 0.341417
IMG_0443.png	0.193908 0.445513 0.360579
IMG_0444.png	0.236683 0.458102 0.305215
IMG_0445.png	0.197485 0.447944 0.354571
IMG_0446.png	0.208386 0.451062 0.340552
IMG_0447.png	0.232002 0.458674 0.309324
IMG_0448.png	0.210270 0.458284 0.331446
IMG_0449.png	0.190805 0.445435 0.363761
IMG_0450.png	0.198549 0.447869 0.353582
IMG_0451.png	0.196227 0.446814 0.356960
IMG_0452.png	0.189222 0.444598 0.366179
IMG_0453.png	0.184927 0.444772 0.370301
IMG_0455.png	0.202096 0.449943 0.347961
IMG_0456.png	0.173516 0.436065 0.390419
IMG_0457.png	0.210931 0.451406 0.337663
IMG_0458.png	0.206202 0.451449 0.342350
IMG_0459.png	0.232651 0.458064 0.309285
IMG_0460.png	0.259417 0.470323 0.270259
IMG_0462.png	0.323246 0.477591 0.199163
IMG_0463.png	0.331412 0.480708 0.187880
IMG_0464.png	0.266262 0.464086 0.269652
IMG_0465.png	0.245391 0.467971 0.286638
IMG_0466.png	0.229809 0.467593 0.302598
IMG_0467.png	0.220408 0.459018 0.320574
IMG_0468.png	0.238760 0.458789 0.302451
IMG_0469.png	0.210403 0.457284 0.332313
IMG_0470.png	0.236803 0.458645 0.304552
IMG_0471.png	0.243046 0.459325 0.297628
IMG_0472.png	0.236451 0.457458 0.306092
IMG_0473.png	0.231825 0.458085 0.310090
IMG_0474.png	0.226998 0.458437 0.314564
IMG_0477.png	0.220427 0.456018 0.323555
IMG_0479.png	0.214497 0.454186 0.331318
IMG_0480.png	0.235694 0.458975 0.305331
IMG_0481.png	0.231754 0.457810 0.310436
IMG_0482.png	0.187542 0.455128 0.357331
IMG_0483.png	0.192043 0.446615 0.361342
IMG_0484.png	0.178305 0.438704 0.382991
IMG_0485.png	0.212477 0.470009 0.317514
IMG_0486.png	0.210784 0.470709 0.318507
IMG_0487.png	0.207053 0.454018 0.338929
IMG_0488.png	0.243327 0.461538 0.295134
IMG_0489.png	0.210958 0.475151 0.313891
IMG_0490.png	0.201379 0.457430 0.341192
IMG_0491.png	0.214389 0.456632 0.328979
IMG_0492.png	0.209785 0.453256 0.336958
IMG_0493.png	0.204169 0.453129 0.342702
IMG_0494.png	0.244805 0.460352 0.294843
IMG_0495.png	0.208043 0.453298 0.338659
IMG_0496.png	0.206492 0.454270 0.339237
IMG_0497.png	0.205234 0.450361 0.344405
IMG_0498.png	0.205888 0.450578 0.343533
IMG_0499.png	0.203885 0.449427 0.346688
IMG_0500.png	0.206852 0.451332 0.341816
IMG_0501.png	0.207119 0.451941 0.340940
IMG_0502.png	0.206870 0.451473 0.341657
IMG_0503.png	0.228857 0.455866 0.315278
IMG_0504.png	0.240246 0.457307 0.302448
IMG_0505.png	0.219176 0.455140 0.325685
IMG_0506.png	0.202975 0.451345 0.345680
IMG_0507.png	0.206189 0.456491 0.337320
IMG_0508.png	0.208555 0.452102 0.339343
IMG_0509.png	0.200358 0.449636 0.350006
IMG_0510.png	0.200075 0.448154 0.351770
IMG_0511.png	0.198776 0.448856 0.352369
IMG_0512.png	0.198615 0.447255 0.354130
IMG_0513.png	0.199546 0.449462 0.350992
IMG_0514.png	0.196672 0.448178 0.355150
IMG_0515.png	0.202985 0.456516 0.340499
IMG_0516.png	0.203313 0.452137 0.344549
IMG_0517.png	0.205429 0.452656 0.341915
IMG_0518.png	0.201580 0.448453 0.349968
IMG_0519.png	0.203234 0.450658 0.346108
IMG_0520.png	0.229326 0.457251 0.313423
IMG_0521.png	0.203233 0.456287 0.340480
IMG_0522.png	0.209823 0.454031 0.336146
IMG_0523.png	0.202806 0.449050 0.348145
IMG_0524.png	0.194929 0.447616 0.357454
IMG_0525.png	0.196828 0.446225 0.356947
IMG_0526.png	0.210363 0.452977 0.336659
IMG_0527.png	0.201598 0.450994 0.347408
IMG_0528.png	0.197812 0.447511 0.354677
IMG_0529.png	0.190745 0.446179 0.363076
IMG_0530.png	0.199080 0.448602 0.352318
IMG_0531.png	0.218160 0.455769 0.326071
IMG_0533.png	0.241752 0.460279 0.297968
IMG_0534.png	0.251614 0.460105 0.288281
IMG_0538.png	0.303077 0.477699 0.219224
IMG_0539.png	0.286210 0.474454 0.239335
IMG_0540.png	0.328585 0.475295 0.196120
IMG_0542.png	0.373218 0.474428 0.152354
IMG_0543.png	0.372998 0.475807 0.151194
IMG_0544.png	0.377093 0.476436 0.146471
IMG_0545.png	0.372419 0.480119 0.147462
IMG_0546.png	0.218300 0.474471 0.307228
IMG_0547.png	0.203919 0.471157 0.324924
IMG_0550.png	0.374980 0.474758 0.150262
IMG_0551.png	0.296437 0.469617 0.233946
IMG_0553.png	0.369883 0.478160 0.151958
IMG_0554.png	0.356317 0.473854 0.169830
IMG_0555.png	0.381017 0.475110 0.143873
IMG_0556.png	0.375815 0.474567 0.149618
IMG_0558.png	0.337028 0.473183 0.189790
IMG_0559.png	0.262025 0.469150 0.268825
IMG_0560.png	0.378929 0.471263 0.149808
IMG_0561.png	0.379632 0.469557 0.150811
IMG_0562.png	0.348790 0.473735 0.177475
IMG_0563.png	0.217085 0.467515 0.315399
IMG_0564.png	0.202514 0.461346 0.336140
IMG_0565.png	0.350577 0.494183 0.155240
IMG_0566.png	0.342601 0.482830 0.174569
IMG_0567.png	0.383699 0.471856 0.144445
IMG_0568.png	0.281995 0.480228 0.237777
IMG_0570.png	0.275788 0.481351 0.242860
IMG_0571.png	0.300680 0.483974 0.215347
IMG_0572.png	0.263216 0.480499 0.256285
IMG_0574.png	0.288776 0.484719 0.226505
IMG_0575.png	0.280073 0.482684 0.237244
IMG_0576.png	0.342772 0.466993 0.190235
IMG_0577.png	0.376054 0.476049 0.147897
IMG_0580.png	0.271591 0.476339 0.252070
IMG_0583.png	0.212745 0.472219 0.315035
IMG_0584.png	0.207830 0.474003 0.318167
IMG_0585.png	0.210432 0.474261 0.315307
IMG_0586.png	0.378364 0.475783 0.145853
IMG_0587.png	0.380250 0.475729 0.144021
IMG_0588.png	0.374017 0.475864 0.150118
IMG_0589.png	0.376703 0.475692 0.147605
IMG_0592.png	0.368572 0.473162 0.158266
IMG_0593.png	0.362690 0.473475 0.163835
IMG_0594.png	0.375865 0.474319 0.149816
IMG_0595.png	0.375605 0.474537 0.149858
IMG_0596.png	0.372103 0.475533 0.152364
IMG_0597.png	0.247464 0.474409 0.278127
IMG_0598.png	0.212858 0.472332 0.314810
IMG_0599.png	0.375906 0.477579 0.146515
IMG_0600.png	0.363777 0.481478 0.154745
IMG_0601.png	0.373179 0.479553 0.147268
IMG_0602.png	0.371563 0.482959 0.145478
IMG_0603.png	0.343285 0.480568 0.176147
IMG_0604.png	0.344412 0.480690 0.174898
IMG_0605.png	0.209033 0.470752 0.320216
IMG_0606.png	0.206917 0.476464 0.316620
IMG_0607.png	0.360320 0.477868 0.161812
IMG_0608.png	0.384655 0.474228 0.141117
IMG_0609.png	0.229840 0.475801 0.294360
IMG_0610.png	0.343838 0.473757 0.182405
IMG_0611.png	0.263737 0.469910 0.266353
IMG_0612.png	0.331634 0.490338 0.178028
IMG_0613.png	0.349505 0.474555 0.175940
IMG_0614.png	0.345721 0.474521 0.179759
IMG_0615.png	0.285938 0.472205 0.241857
IMG_0616.png	0.342501 0.471195 0.186304
IMG_0617.png	0.364929 0.472126 0.162945
IMG_0618.png	0.373485 0.477626 0.148889
IMG_0619.png	0.381315 0.474126 0.144558
IMG_0620.png	0.382078 0.472683 0.145239
IMG_0621.png	0.375666 0.477956 0.146378
IMG_0622.png	0.377592 0.475081 0.147327
IMG_0623.png	0.374899 0.479658 0.145443
IMG_0624.png	0.308310 0.485439 0.206252
IMG_0625.png	0.356874 0.478827 0.164298
IMG_0626.png	0.330779 0.512514 0.156707
IMG_0627.png	0.238473 0.476243 0.285284
IMG_0628.png	0.240803 0.476191 0.283006
IMG_0629.png	0.341914 0.475009 0.183077
IMG_0630.png	0.372472 0.483025 0.144502
IMG_0631.png	0.364889 0.495830 0.139281
IMG_0632.png	0.389281 0.467069 0.143651
IMG_0633.png	0.326247 0.475232 0.198521
IMG_0634.png	0.316114 0.474905 0.208981
IMG_0635.png	0.328190 0.476894 0.194916
IMG_0636.png	0.208344 0.469051 0.322606
IMG_0637.png	0.270535 0.484042 0.245423
IMG_0638.png	0.240640 0.470231 0.289129
IMG_0661.png	0.235699 0.472390 0.291911
IMG_0666.png	0.276895 0.475378 0.247727
IMG_0670.png	0.279997 0.480890 0.239114
IMG_0671.png	0.225212 0.469902 0.304886
IMG_0672.png	0.210484 0.452230 0.337286
IMG_0673.png	0.209220 0.453006 0.337774
IMG_0674.png	0.207526 0.450285 0.342189
IMG_0675.png	0.209588 0.450369 0.340043
IMG_0676.png	0.207701 0.450930 0.341369
IMG_0677.png	0.207498 0.449783 0.342719
IMG_0678.png	0.207103 0.451042 0.341855
IMG_0679.png	0.209698 0.451411 0.338892
IMG_0680.png	0.209133 0.452336 0.338532
IMG_0681.png	0.229063 0.476291 0.294646
IMG_0682.png	0.225342 0.456626 0.318032
IMG_0683.png	0.209471 0.448866 0.341663
IMG_0684.png	0.208573 0.451551 0.339876
IMG_0685.png	0.249291 0.475449 0.275260
IMG_0686.png	0.226255 0.471685 0.302060
IMG_0687.png	0.241270 0.475454 0.283276
IMG_0688.png	0.243566 0.476338 0.280097
IMG_0743.png	0.203320 0.450492 0.346188
IMG_0744.png	0.201067 0.451436 0.347497
IMG_0745.png	0.201655 0.449519 0.348827
IMG_0746.png	0.201989 0.450915 0.347096
IMG_0747.png	0.203179 0.447111 0.349710
IMG_0749.png	0.201742 0.448931 0.349327
IMG_0750.png	0.200961 0.447612 0.351427
IMG_0753.png	0.205023 0.444373 0.350604
IMG_0754.png	0.201201 0.448010 0.350790
IMG_0755.png	0.207832 0.448899 0.343269
IMG_0756.png	0.203182 0.448849 0.347970
IMG_0757.png	0.203049 0.448373 0.348578
IMG_0758.png	0.205305 0.448500 0.346195
IMG_0759.png	0.213603 0.450943 0.335454
IMG_0760.png	0.202161 0.446811 0.351028
IMG_0761.png	0.203672 0.447949 0.348379
IMG_0762.png	0.206620 0.449224 0.344156
IMG_0763.png	0.203010 0.449100 0.347890
IMG_0765.png	0.202495 0.447909 0.349596
IMG_0766.png	0.201490 0.448350 0.350160
IMG_0767.png	0.202673 0.447674 0.349653
IMG_0768.png	0.242801 0.481098 0.276101
IMG_0770.png	0.201386 0.447306 0.351308
IMG_0771.png	0.246702 0.460237 0.293061
IMG_0772.png	0.200516 0.446857 0.352627
IMG_0773.png	0.203680 0.448124 0.348197
IMG_0774.png	0.206593 0.447644 0.345763
IMG_0775.png	0.204574 0.449911 0.345516
IMG_0776.png	0.207338 0.448244 0.344418
IMG_0777.png	0.238689 0.457046 0.304265
IMG_0778.png	0.202037 0.447818 0.350145
IMG_0779.png	0.212801 0.461034 0.326166
IMG_0780.png	0.201634 0.447939 0.350426
IMG_0782.png	0.202169 0.447194 0.350637
IMG_0783.png	0.199976 0.447686 0.352338
IMG_0784.png	0.202225 0.446216 0.351559
IMG_0785.png	0.199990 0.448463 0.351547
IMG_0786.png	0.200378 0.448034 0.351588
IMG_0787.png	0.199261 0.446669 0.354070
IMG_0788.png	0.199872 0.445877 0.354251
IMG_0789.png	0.207896 0.457559 0.334546
IMG_0790.png	0.216923 0.456288 0.326789
IMG_0791.png	0.198855 0.448035 0.353110
IMG_0792.png	0.201956 0.448477 0.349567
IMG_0793.png	0.203877 0.447120 0.349003
IMG_0794.png	0.204512 0.450016 0.345472
IMG_0795.png	0.203690 0.446873 0.349437
IMG_0796.png	0.205553 0.449661 0.344786
IMG_0797.png	0.208668 0.451000 0.340332
IMG_0800.png	0.205869 0.446668 0.347464
IMG_0801.png	0.199792 0.447532 0.352676
IMG_0802.png	0.239435 0.463223 0.297342
IMG_0803.png	0.202767 0.458192 0.339041
IMG_0804.png	0.198381 0.448611 0.353008
IMG_0805.png	0.198294 0.446697 0.355009
IMG_0806.png	0.198254 0.446484 0.355262
IMG_0807.png	0.197457 0.447653 0.354890
IMG_0808.png	0.201479 0.452887 0.345634
IMG_0809.png	0.199026 0.454248 0.346726
IMG_0810.png	0.199589 0.449429 0.350982
IMG_0811.png	0.198475 0.447553 0.353972
IMG_0812.png	0.198322 0.446981 0.354697
IMG_0813.png	0.198215 0.446436 0.355349
IMG_0814.png	0.197116 0.447030 0.355854
IMG_0815.png	0.197386 0.445622 0.356992
IMG_0816.png	0.196282 0.445837 0.357881
IMG_0817.png	0.196184 0.445412 0.358405
IMG_0818.png	0.196920 0.445518 0.357562
IMG_0819.png	0.196321 0.444595 0.359084
IMG_0820.png	0.197069 0.444785 0.358146
IMG_0821.png	0.197395 0.446134 0.356472
IMG_0822.png	0.196666 0.445603 0.357730
IMG_0823.png	0.196870 0.449563 0.353567
IMG_0824.png	0.196637 0.448808 0.354554
IMG_0825.png	0.194953 0.446418 0.358629
IMG_0826.png	0.195621 0.446355 0.358025
IMG_0828.png	0.195446 0.448219 0.356335
IMG_0829.png	0.195386 0.445644 0.358970
IMG_0830.png	0.199405 0.454808 0.345788
IMG_0831.png	0.197377 0.449552 0.353071
IMG_0832.png	0.196085 0.445371 0.358544
IMG_0833.png	0.194826 0.446798 0.358376
IMG_0834.png	0.194352 0.446118 0.359530
IMG_0835.png	0.194398 0.446394 0.359207
IMG_0836.png	0.312027 0.491160 0.196814
IMG_0837.png	0.336697 0.510995 0.152309
IMG_0838.png	0.367904 0.483208 0.148888
IMG_0840.png	0.364772 0.481522 0.153706
IMG_0841.png	0.193421 0.447360 0.359218
IMG_0842.png	0.203392 0.448462 0.348146
IMG_0843.png	0.193332 0.443953 0.362715
IMG_0844.png	0.204608 0.454176 0.341216
IMG_0845.png	0.192550 0.444585 0.362866
IMG_0846.png	0.196902 0.446163 0.356934
IMG_0847.png	0.433120 0.460508 0.106372
IMG_0849.png	0.324963 0.500273 0.174764
IMG_0851.png	0.414082 0.466550 0.119368
IMG_0853.png	0.420934 0.463723 0.115343
IMG_0854.png	0.388904 0.484129 0.126967
IMG_0855.png	0.259856 0.469301 0.270843
IMG_0857.png	0.243486 0.462865 0.293649
IMG_0858.png	0.299687 0.485550 0.214763
IMG_0859.png	0.220989 0.459039 0.319972
IMG_0860.png	0.211769 0.453348 0.334884
IMG_0861.png	0.371186 0.457729 0.171084
IMG_0862.png	0.236295 0.465563 0.298142
IMG_0863.png	0.304958 0.472423 0.222618
IMG_0864.png	0.361912 0.459458 0.178631
IMG_0865.png	0.238186 0.473846 0.287968
IMG_0866.png	0.282003 0.475670 0.242327
IMG_0867.png	0.208764 0.451938 0.339298
IMG_0869.png	0.202714 0.470156 0.327130
IMG_0870.png	0.226733 0.473706 0.299561
IMG_0872.png	0.233211 0.482625 0.284165
IMG_0873.png	0.197447 0.468165 0.334389
IMG_0874.png	0.213522 0.473296 0.313181
IMG_0875.png	0.208469 0.471349 0.320182
IMG_0876.png	0.276105 0.479934 0.243960
IMG_0877.png	0.272893 0.479199 0.247909
IMG_0878.png	0.234886 0.470986 0.294128
IMG_0879.png	0.207796 0.471434 0.320770
IMG_0880.png	0.220084 0.471121 0.308795
IMG_0881.png	0.206632 0.470954 0.322413
IMG_0882.png	0.227089 0.473204 0.299707
IMG_0883.png	0.228196 0.473264 0.298540
IMG_0884.png	0.229912 0.471958 0.298131
IMG_0885.png	0.373725 0.472806 0.153468
IMG_0886.png	0.375445 0.472717 0.151838
IMG_0887.png	0.350007 0.482547 0.167446
IMG_0888.png	0.338709 0.476644 0.184647
IMG_0891.png	0.212980 0.474921 0.312099
IMG_0892.png	0.372379 0.481598 0.146023
IMG_0893.png	0.376465 0.481896 0.141639
IMG_0894.png	0.382675 0.473173 0.144152
IMG_0895.png	0.371370 0.473921 0.154710
IMG_0896.png	0.213319 0.473368 0.313313
IMG_0899.png	0.377667 0.474403 0.147930
IMG_0900.png	0.372748 0.472180 0.155072
IMG_0901.png	0.363803 0.476022 0.160175
IMG_0902.png	0.352071 0.472975 0.174954
IMG_0903.png	0.316306 0.473330 0.210364
IMG_0281.png	0.209811 0.450080 0.340109
IMG_0282.png	0.208906 0.452598 0.338496
IMG_0283.png	0.209594 0.449818 0.340588
IMG_0284.png	0.208954 0.452388 0.338658
IMG_0285.png	0.210352 0.453157 0.336491
IMG_0286.png	0.214605 0.454688 0.330707
IMG_0287.png	0.221393 0.456983 0.321624
IMG_0289.png	0.214051 0.456756 0.329193
IMG_0290.png	0.214756 0.453498 0.331746
IMG_0291.png	0.214787 0.455816 0.329398
IMG_0292.png	0.226115 0.459377 0.314508
IMG_0293.png	0.225672 0.461287 0.313042
IMG_0295.png	0.214347 0.453966 0.331687