IMG_0281.png	0.381578 0.321056 0.297365
IMG_0282.png	0.378650 0.325248 0.296103
IMG_0283.png	0.381220 0.320763 0.298017
IMG_0284.png	0.378836 0.324909 0.296255
IMG_0285.png	0.381520 0.325419 0.293061
IMG_0286.png	0.389924 0.325749 0.284327
IMG_0287.png	0.403128 0.326048 0.270824
IMG_0289.png	0.387963 0.329097 0.282941
IMG_0290.png	0.390694 0.323909 0.285397
IMG_0291.png	0.389873 0.327348 0.282779
IMG_0292.png	0.411846 0.327417 0.260738
IMG_0293.png	0.410272 0.330420 0.259308
IMG_0295.png	0.389659 0.324791 0.285549
IMG_0296.png	0.378554 0.324982 0.296464
IMG_0297.png	0.406509 0.323113 0.270378
IMG_0298.png	0.432878 0.331582 0.235540
IMG_0300.png	0.376701 0.325171 0.298129
IMG_0301.png	0.384538 0.323484 0.291978
IMG_0302.png	0.394863 0.325220 0.279917
IMG_0303.png	0.394292 0.325962 0.279746
IMG_0305.png	0.393910 0.328515 0.277576
IMG_0306.png	0.392023 0.324654 0.283323
IMG_0307.png	0.393297 0.324996 0.281707
IMG_0310.png	0.378387 0.323966 0.297647
IMG_0313.png	0.393946 0.324403 0.281651
IMG_0314.png	0.393280 0.325495 0.281225
IMG_0315.png	0.393980 0.326460 0.279561
IMG_0316.png	0.390142 0.326394 0.283464
IMG_0317.png	0.393645 0.321113 0.285242
IMG_0318.png	0.384722 0.325624 0.289654
IMG_0319.png	0.397309 0.327619 0.275072
IMG_0320.png	0.388823 0.324485 0.286692
IMG_0321.png	0.389200 0.323226 0.287573
IMG_0323.png	0.391539 0.325100 0.283361
IMG_0324.png	0.402617 0.326121 0.271263
IMG_0325.png	0.384169 0.354117 0.261714
IMG_0327.png	0.418738 0.350540 0.230722
IMG_0328.png	0.388807 0.320470 0.290723
IMG_0329.png	0.386992 0.322088 0.290920
IMG_0332.png	0.396644 0.325635 0.277722
IMG_0333.png	0.394468 0.326833 0.278699
IMG_0334.png	0.392933 0.325746 0.281321
IMG_0335.png	0.377575 0.325152 0.297274
IMG_0336.png	0.378992 0.323983 0.297025
IMG_0337.png	0.378508 0.324356 0.297136
IMG_0339.png	0.384293 0.324529 0.291178
IMG_0340.png	0.378117 0.329108 0.292775
IMG_0341.png	0.384931 0.324944 0.290125
IMG_0342.png	0.384584 0.320173 0.295244
IMG_0343.png	0.420506 0.323101 0.256393
IMG_0344.png	0.386090 0.330682 0.283229
IMG_0345.png	0.380999 0.333030 0.285971
IMG_0350.png	0.375266 0.324639 0.300095
IMG_0351.png	0.388971 0.323933 0.287096
IMG_0352.png	0.400493 0.322672 0.276836
IMG_0353.png	0.383037 0.325562 0.291402
IMG_0354.png	0.399209 0.322976 0.277815
IMG_0355.png	0.374770 0.326954 0.298276
IMG_0361.png	0.460279 0.342725 0.196996
IMG_0362.png	0.451008 0.345758 0.203234
IMG_0363.png	0.425250 0.322808 0.251942
IMG_0364.png	0.407802 0.325730 0.266468
IMG_0365.png	0.427383 0.319163 0.253455
IMG_0366.png	0.424765 0.321762 0.253473
IMG_0367.png	0.421632 0.322373 0.255995
IMG_0368.png	0.413386 0.322398 0.264216
IMG_0369.png	0.414764 0.323337 0.261899
IMG_0370.png	0.384102 0.324623 0.291275
IMG_0371.png	0.379976 0.323838 0.296187
IMG_0372.png	0.379858 0.326625 0.293517
IMG_0374.png	0.382022 0.324737 0.293240
IMG_0375.png	0.384440 0.322193 0.293367
IMG_0376.png	0.384655 0.328761 0.286584
IMG_0377.png	0.382754 0.325723 0.291523
IMG_0378.png	0.383595 0.325037 0.291367
IMG_0379.png	0.383747 0.324746 0.291507
IMG_0380.png	0.383878 0.324844 0.291277
IMG_0381.png	0.382861 0.326641 0.290498
IMG_0382.png	0.387523 0.322256 0.290221
IMG_0383.png	0.403496 0.369828 0.226676
IMG_0384.png	0.375870 0.329779 0.294351
IMG_0385.png	0.424161 0.321947 0.253892
IMG_0386.png	0.431888 0.319346 0.248766
IMG_0387.png	0.379255 0.323408 0.297337
IMG_0388.png	0.362747 0.322196 0.315057
IMG_0389.png	0.370427 0.317119 0.312454
IMG_0390.png	0.405252 0.324124 0.270623
IMG_0392.png	0.398417 0.314233 0.287350
IMG_0393.png	0.426560 0.323039 0.250401
IMG_0394.png	0.399451 0.327044 0.273506
IMG_0395.png	0.424316 0.321954 0.253730
IMG_0396.png	0.392416 0.342566 0.265019
IMG_0397.png	0.395825 0.336170 0.268004
IMG_0398.png	0.396484 0.332182 0.271334
IMG_0399.png	0.419080 0.322007 0.258913
IMG_0400.png	0.424554 0.321682 0.253764
IMG_0401.png	0.385164 0.324273 0.290563
IMG_0402.png	0.388891 0.323645 0.287464
IMG_0403.png	0.388196 0.323641 0.288164
IMG_0404.png	0.391478 0.324199 0.284322
IMG_0405.png	0.390430 0.324996 0.284574
IMG_0406.png	0.398153 0.323311 0.278536
IMG_0407.png	0.399169 0.322894 0.277937
IMG_0408.png	0.388016 0.322990 0.288994
IMG_0409.png	0.389590 0.321360 0.289050
IMG_0411.png	0.388420 0.324115 0.287465
IMG_0412.png	0.396633 0.324757 0.278610
IMG_0413.png	0.423997 0.326959 0.249044
IMG_0414.png	0.399250 0.328240 0.272510
IMG_0418.png	0.451544 0.320307 0.228149
IMG_0419.png	0.437466 0.320298 0.242236
IMG_0420.png	0.387013 0.324200 0.288787
IMG_0421.png	0.390142 0.326169 0.283689
IMG_0422.png	0.388166 0.324638 0.287197
IMG_0423.png	0.392507 0.324831 0.282662
IMG_0424.png	0.389322 0.322936 0.287742
IMG_0425.png	0.385016 0.322926 0.292058
IMG_0426.png	0.392895 0.323226 0.283879
IMG_0427.png	0.392907 0.321045 0.286048
IMG_0428.png	0.386581 0.323646 0.289773
IMG_0429.png	0.493252 0.304881 0.201867
IMG_0430.png	0.445233 0.312521 0.242246
IMG_0431.png	0.374469 0.324370 0.301161
IMG_0432.png	0.394146 0.326060 0.279794
IMG_0434.png	0.409279 0.329454 0.261268
IMG_0435.png	0.441216 0.326150 0.232634
IMG_0436.png	0.455479 0.326861 0.217660
IMG_0437.png	0.393533 0.325895 0.280572
IMG_0438.png	0.423619 0.326448 0.249933
IMG_0439.png	0.370429 0.318789 0.310783
IMG_0440.png	0.436626 0.320582 0.242791
IMG_0441.png	0.381649 0.319290 0.299061
IMG_0442.png	0.375801 0.323949 0.300251
IMG_0443.png	0.348545 0.321429 0.330026
IMG_0444.png	0.433068 0.320907 0.246026
IMG_0445.png	0.355548 0.323495 0.320956
IMG_0446.png	0.378145 0.323177 0.298677
IMG_0447.png	0.423784 0.323765 0.252451
IMG_0448.png	0.379316 0.333194 0.287490
IMG_0449.png	0.341499 0.322766 0.335735
IMG_0450.png	0.357958 0.322882 0.319160
IMG_0451.png	0.353212 0.322348 0.324440
IMG_0452.png	0.338229 0.322215 0.339556
IMG_0453.png	0.328127 0.324538 0.347335
IMG_0455.png	0.364938 0.324393 0.310669
IMG_0456.png	0.304914 0.316204 0.378882
IMG_0457.png	0.383439 0.322530 0.294031
IMG_0458.png	0.373283 0.324767 0.301950
IMG_0459.png	0.425262 0.322601 0.252137
IMG_0460.png	0.471438 0.328266 0.200296
IMG_0464.png	0.485142 0.316917 0.197941
IMG_0465.png	0.446464 0.331121 0.222414
IMG_0466.png	0.416362 0.337759 0.245879
IMG_0467.png	0.400359 0.329506 0.270135
IMG_0468.png	0.436823 0.320990 0.242186
IMG_0469.png	0.379998 0.331616 0.288385
IMG_0470.png	0.433121 0.321628 0.245251
IMG_0471.png	0.444766 0.319922 0.235313
IMG_0472.png	0.432831 0.320090 0.247079
IMG_0473.png	0.423638 0.322994 0.253369
IMG_0474.png	0.413950 0.325647 0.260403
IMG_0477.png	0.401504 0.325064 0.273432
IMG_0479.png	0.389888 0.325051 0.285061
IMG_0480.png	0.430872 0.322580 0.246547
IMG_0481.png	0.423591 0.322629 0.253780
IMG_0482.png	0.329462 0.339641 0.330897
IMG_0483.png	0.343810 0.324012 0.332178
IMG_0484.png	0.315243 0.318131 0.366627
IMG_0485.png	0.379391 0.350026 0.270583
IMG_0486.png	0.375433 0.351996 0.272571
IMG_0487.png	0.374088 0.328258 0.297654
IMG_0488.png	0.444599 0.322920 0.232481
IMG_0489.png	0.374004 0.358823 0.267173
IMG_0490.png	0.360205 0.336233 0.303561
IMG_0491.png	0.388724 0.328753 0.282523
IMG_0492.png	0.380272 0.325830 0.293898
IMG_0493.png	0.368170 0.328272 0.303557
IMG_0494.png	0.447737 0.320619 0.231644
IMG_0495.png	0.376515 0.326704 0.296781
IMG_0496.png	0.372769 0.328907 0.298324
IMG_0497.png	0.371625 0.323571 0.304804
IMG_0498.png	0.372957 0.323597 0.303447
IMG_0499.png	0.369070 0.322780 0.308150
IMG_0500.png	0.374736 0.324289 0.300975
IMG_0501.png	0.375068 0.325085 0.299846
IMG_0502.png	0.374718 0.324494 0.300788
IMG_0503.png	0.418547 0.321094 0.260360
IMG_0504.png	0.440122 0.318263 0.241615
IMG_0505.png	0.399256 0.324336 0.276408
IMG_0506.png	0.366288 0.326118 0.307594
IMG_0507.png	0.371204 0.332434 0.296362
IMG_0508.png	0.378094 0.324663 0.297243
IMG_0509.png	0.361229 0.324738 0.314033
IMG_0510.png	0.361226 0.322608 0.316166
IMG_0511.png	0.358042 0.324288 0.317670
IMG_0512.png	0.358364 0.321913 0.319723
IMG_0513.png	0.359501 0.324853 0.315646
IMG_0514.png	0.353625 0.324236 0.322139
IMG_0515.png	0.364158 0.334031 0.301811
IMG_0516.png	0.366703 0.327165 0.306132
IMG_0517.png	0.371114 0.326958 0.301928
IMG_0518.png	0.364422 0.322366 0.313212
IMG_0519.png	0.367141 0.324950 0.307909
IMG_0520.png	0.418998 0.322889 0.258112
IMG_0521.png	0.364801 0.333558 0.301641
IMG_0522.png	0.380045 0.326979 0.292976
IMG_0523.png	0.366866 0.322706 0.310428
IMG_0524.png	0.349938 0.324193 0.325868
IMG_0525.png	0.354814 0.321166 0.324020
IMG_0526.png	0.381616 0.325144 0.293241
IMG_0527.png	0.363403 0.326230 0.310368
IMG_0528.png	0.356464 0.322679 0.320857
IMG_0529.png	0.341027 0.323952 0.335021
IMG_0530.png	0.358828 0.323756 0.317416
IMG_0531.png	0.396925 0.325728 0.277348
IMG_0533.png	0.442028 0.321818 0.236154
IMG_0534.png	0.460347 0.317432 0.222221
IMG_0538.png	0.541610 0.320308 0.138082
IMG_0540.png	0.579154 0.308041 0.112805
IMG_0546.png	0.390107 0.353846 0.256047
IMG_0547.png	0.360049 0.356379 0.283572
IMG_0551.png	0.533100 0.312519 0.154381
IMG_0554.png	0.616072 0.297265 0.086663
IMG_0559.png	0.476387 0.325539 0.198074
IMG_0563.png	0.390220 0.343854 0.265925
IMG_0564.png	0.361078 0.341739 0.297183
IMG_0566.png	0.597030 0.312212 0.090759
IMG_0568.png	0.507593 0.332103 0.160303
IMG_0570.png	0.496929 0.336283 0.166788
IMG_0571.png	0.536626 0.329307 0.134067
IMG_0572.png	0.475338 0.340712 0.183950
IMG_0574.png	0.517620 0.335217 0.147163
IMG_0575.png	0.503800 0.336224 0.159975
IMG_0576.png	0.599592 0.293586 0.106822
IMG_0580.png	0.491071 0.331286 0.177643
IMG_0583.png	0.379086 0.353302 0.267612
IMG_0584.png	0.367580 0.358730 0.273690
IMG_0585.png	0.373214 0.357718 0.269068
IMG_0593.png	0.624077 0.294877 0.081046
IMG_0597.png	0.448350 0.339354 0.212295
IMG_0598.png	0.379286 0.353416 0.267299
IMG_0603.png	0.598275 0.309299 0.092426
IMG_0604.png	0.599750 0.309060 0.091190
IMG_0605.png	0.371584 0.352990 0.275427
IMG_0606.png	0.364513 0.363120 0.272367
IMG_0607.png	0.620581 0.300588 0.078830
IMG_0609.png	0.413523 0.349922 0.236555
IMG_0610.png	0.600006 0.301115 0.098879
IMG_0611.png	0.479186 0.325857 0.194957
IMG_0612.png	0.580899 0.325235 0.093866
IMG_0613.png	0.607280 0.300220 0.092501
IMG_0614.png	0.602365 0.301397 0.096238
IMG_0615.png	0.515933 0.319880 0.164187
IMG_0616.png	0.598621 0.298556 0.102824
IMG_0617.png	0.626996 0.292686 0.080318
IMG_0624.png	0.547979 0.328132 0.123889
IMG_0625.png	0.616124 0.302782 0.081094
IMG_0627.png	0.430536 0.346291 0.223172
IMG_0628.png	0.435082 0.345084 0.219834
IMG_0629.png	0.597281 0.303210 0.099509
IMG_0634.png	0.561530 0.311958 0.126512
IMG_0636.png	0.370770 0.350705 0.278525
IMG_0637.png	0.487223 0.342304 0.170473
IMG_0638.png	0.436716 0.336519 0.226765
IMG_0661.png	0.426395 0.341990 0.231616
IMG_0666.png	0.500299 0.327748 0.171953
IMG_0670.png	0.504115 0.333841 0.162043
IMG_0671.png	0.406229 0.343409 0.250362
IMG_0672.png	0.382167 0.323967 0.293866
IMG_0673.png	0.379161 0.325716 0.295123
IMG_0674.png	0.376608 0.322403 0.300989
IMG_0675.png	0.380991 0.321589 0.297420
IMG_0676.png	0.376727 0.323293 0.299980
IMG_0677.png	0.376749 0.321661 0.301590
IMG_0678.png	0.375395 0.323737 0.300869
IMG_0679.png	0.380813 0.323100 0.296087
IMG_0680.png	0.379239 0.324748 0.296013
IMG_0681.png	0.411773 0.351049 0.237178
IMG_0682.png	0.411267 0.323747 0.264985
IMG_0683.png	0.381332 0.319397 0.299271
IMG_0684.png	0.378352 0.323826 0.297821
IMG_0685.png	0.451451 0.339991 0.208558
IMG_0686.png	0.407713 0.345561 0.246726
IMG_0687.png	0.436226 0.343786 0.219988
IMG_0743.png	0.367399 0.324657 0.307944
IMG_0744.png	0.362043 0.327158 0.310799
IMG_0745.png	0.364143 0.323953 0.311904
IMG_0746.png	0.364297 0.325925 0.309777
IMG_0747.png	0.368479 0.319601 0.311920
IMG_0749.png	0.364580 0.323019 0.312402
IMG_0750.png	0.363409 0.321373 0.315218
IMG_0753.png	0.373592 0.314660 0.311748
IMG_0754.png	0.363772 0.321867 0.314361
IMG_0755.png	0.377819 0.320183 0.301998
IMG_0756.png	0.367772 0.322228 0.310000
IMG_0757.png	0.367678 0.321568 0.310754
IMG_0758.png	0.372535 0.320729 0.306736
IMG_0759.png	0.389256 0.320635 0.290109
IMG_0760.png	0.366379 0.319609 0.314012
IMG_0761.png	0.369212 0.320642 0.310146
IMG_0762.png	0.375083 0.321221 0.303696
IMG_0763.png	0.367292 0.322688 0.310020
IMG_0765.png	0.366655 0.321120 0.312224
IMG_0766.png	0.364267 0.322251 0.313482
IMG_0767.png	0.367143 0.320682 0.312175
IMG_0768.png	0.437337 0.351273 0.211390
IMG_0770.png	0.364472 0.320714 0.314814
IMG_0771.png	0.451300 0.319658 0.229042
IMG_0772.png	0.362743 0.320431 0.316826
IMG_0773.png	0.369157 0.320902 0.309941
IMG_0774.png	0.375658 0.318860 0.305482
IMG_0775.png	0.370373 0.323194 0.306433
IMG_0776.png	0.377020 0.319425 0.303555
IMG_0777.png	0.437249 0.318553 0.244198
IMG_0778.png	0.365691 0.321191 0.313118
IMG_0779.png	0.383646 0.336138 0.280215
IMG_0780.png	0.364756 0.321561 0.313684
IMG_0782.png	0.366238 0.320185 0.313577
IMG_0783.png	0.361203 0.321941 0.316856
IMG_0784.png	0.366764 0.318681 0.314555
IMG_0785.png	0.360907 0.323119 0.315974
IMG_0786.png	0.361947 0.322284 0.315769
IMG_0787.png	0.360046 0.320721 0.319233
IMG_0788.png	0.361733 0.319235 0.319032
IMG_0789.png	0.374482 0.333237 0.292280
IMG_0790.png	0.394161 0.327065 0.278775
IMG_0791.png	0.358568 0.322993 0.318439
IMG_0792.png	0.365238 0.322229 0.312533
IMG_0793.png	0.369997 0.319298 0.310706
IMG_0794.png	0.370197 0.323381 0.306422
IMG_0795.png	0.369691 0.319009 0.311300
IMG_0796.png	0.372600 0.322367 0.305033
IMG_0797.png	0.378773 0.322955 0.298271
IMG_0800.png	0.374491 0.317721 0.307788
IMG_0801.png	0.360861 0.321791 0.317349
IMG_0802.png	0.436678 0.327008 0.236314
IMG_0803.png	0.362973 0.336722 0.300305
IMG_0804.png	0.357268 0.324097 0.318636
IMG_0805.png	0.357887 0.321209 0.320903
IMG_0806.png	0.357889 0.320902 0.321209
IMG_0807.png	0.355611 0.323061 0.321328
IMG_0808.png	0.362346 0.329185 0.308469
IMG_0809.png	0.356301 0.332470 0.311230
IMG_0810.png	0.359610 0.324782 0.315608
IMG_0811.png	0.357926 0.322433 0.319641
IMG_0812.png	0.357829 0.321630 0.320541
IMG_0813.png	0.357823 0.320846 0.321331
IMG_0814.png	0.355113 0.322266 0.322621
IMG_0815.png	0.356321 0.319985 0.323694
IMG_0816.png	0.353757 0.320824 0.325419
IMG_0817.png	0.353719 0.320218 0.326063
IMG_0818.png	0.355322 0.320042 0.324636
IMG_0819.png	0.354378 0.318906 0.326717
IMG_0820.png	0.355970 0.318853 0.325177
IMG_0821.png	0.356121 0.320764 0.323116
IMG_0822.png	0.354719 0.320289 0.324992
IMG_0823.png	0.353472 0.326275 0.320253
IMG_0824.png	0.353275 0.325223 0.321502
IMG_0825.png	0.350513 0.322336 0.327151
IMG_0826.png	0.352047 0.321926 0.326027
IMG_0828.png	0.350845 0.324878 0.324277
IMG_0829.png	0.351826 0.320944 0.327230
IMG_0830.png	0.356909 0.333150 0.309940
IMG_0831.png	0.354617 0.326017 0.319366
IMG_0832.png	0.353516 0.320202 0.326282
IMG_0833.png	0.350062 0.322979 0.326959
IMG_0834.png	0.349286 0.322154 0.328560
IMG_0835.png	0.349270 0.322559 0.328172
IMG_0841.png	0.346627 0.324512 0.328861
IMG_0842.png	0.368390 0.321545 0.310065
IMG_0843.png	0.347922 0.319296 0.332783
IMG_0844.png	0.368700 0.329660 0.301640
IMG_0845.png	0.345867 0.320632 0.333501
IMG_0846.png	0.355007 0.321037 0.323956
IMG_0849.png	0.569735 0.340231 0.090033
IMG_0855.png	0.472506 0.326667 0.200826
IMG_0857.png	0.444482 0.324725 0.230794
IMG_0858.png	0.534752 0.331755 0.133494
IMG_0859.png	0.401546 0.329268 0.269186
IMG_0860.png	0.384458 0.325051 0.290491
IMG_0861.png	0.636211 0.275055 0.088734
IMG_0862.png	0.429854 0.331778 0.238368
IMG_0863.png	0.545527 0.312921 0.141552
IMG_0864.png	0.624842 0.279455 0.095703
IMG_0865.png	0.430776 0.342923 0.226301
IMG_0866.png	0.508706 0.326027 0.165267
IMG_0867.png	0.378608 0.324320 0.297072
IMG_0869.png	0.357764 0.355453 0.286783
IMG_0870.png	0.407958 0.348349 0.243693
IMG_0874.png	0.380337 0.354557 0.265106
IMG_0875.png	0.370097 0.354222 0.275681
IMG_0877.png	0.492554 0.334615 0.172830
IMG_0878.png	0.425272 0.340322 0.234406
IMG_0879.png	0.368575 0.354716 0.276709
IMG_0880.png	0.395152 0.347813 0.257035
IMG_0881.png	0.366197 0.354590 0.279213
IMG_0882.png	0.408865 0.347420 0.243716
IMG_0883.png	0.411098 0.346955 0.241947
IMG_0884.png	0.415031 0.344162 0.240807
IMG_0888.png	0.592759 0.306204 0.101037
IMG_0890.png	0.617243 0.293968 0.088789
IMG_0896.png	0.379868 0.354777 0.265355
IMG_0900.png	0.636446 0.290439 0.073114
IMG_0901.png	0.625137 0.297410 0.077453
IMG_0903.png	0.562096 0.309948 0.127957
8D5U5524.png	0.483579 0.336176 0.180245
8D5U5525.png	0.468907 0.344472 0.186621
8D5U5529.png	0.419138 0.353180 0.227682
8D5U5530.png	0.440354 0.350538 0.209108
8D5U5531.png	0.473669 0.367584 0.158746
8D5U5533.png	0.391920 0.366236 0.241844
8D5U5534.png	0.538660 0.305075 0.156265
8D5U5535.png	0.421888 0.370406 0.207706
8D5U5536.png	0.343756 0.358821 0.297422
8D5U5537.png	0.362641 0.368766 0.268593
8D5U5538.png	0.467553 0.348656 0.183791
8D5U5539.png	0.449628 0.357292 0.193080
8D5U5540.png	0.333474 0.334645 0.331881
8D5U5541.png	0.332840 0.329754 0.337406
8D5U5543.png	0.336955 0.340683 0.322362
8D5U5544.png	0.395197 0.361758 0.243045
8D5U5553.png	0.530965 0.327800 0.141235
8D5U5555.png	0.524882 0.326764 0.148354
8D5U5560.png	0.371386 0.336406 0.292208
8D5U5561.png	0.374675 0.337711 0.287614
8D5U5562.png	0.369782 0.329478 0.300741
8D5U5563.png	0.378444 0.338885 0.282671
8D5U5564.png	0.355265 0.331092 0.313643
8D5U5565.png	0.364856 0.330688 0.304456
8D5U5566.png	0.373266 0.332285 0.294448
8D5U5569.png	0.434888 0.328526 0.236586
8D5U5570.png	0.382966 0.331363 0.285670
8D5U5572.png	0.428964 0.352468 0.218569
8D5U5573.png	0.374212 0.342957 0.282832
8D5U5574.png	0.392800 0.335074 0.272126
8D5U5575.png	0.338588 0.334524 0.326889
8D5U5576.png	0.377453 0.333638 0.288909
8D5U5577.png	0.358216 0.336622 0.305162
8D5U5579.png	0.379511 0.347164 0.273325
8D5U5582.png	0.364652 0.359638 0.275709
8D5U5583.png	0.272379 0.325973 0.401648
8D5U5585.png	0.353537 0.338386 0.308078
8D5U5587.png	0.406606 0.342265 0.251129
8D5U5588.png	0.481639 0.313303 0.205058
8D5U5589.png	0.342180 0.324099 0.333721
8D5U5597.png	0.386358 0.359164 0.254477
8D5U5606.png	0.467636 0.354929 0.177435
8D5U5607.png	0.355451 0.334957 0.309592
8D5U5608.png	0.357678 0.332071 0.310252
10.png	0.356311 0.339521 0.304169
100.png	0.316158 0.323673 0.360169
1000.png	0.280440 0.330209 0.389351
1001.png	0.346169 0.334153 0.319677
1002.png	0.351531 0.335211 0.313258
1003.png	0.275958 0.322899 0.401142
1005.png	0.349909 0.333377 0.316713
1006.png	0.352130 0.333702 0.314167
1007.png	0.350084 0.335488 0.314428
1008.png	0.346260 0.337471 0.316268
1009.png	0.343625 0.336916 0.319460
101.png	0.318279 0.335009 0.346713
1010.png	0.360324 0.336221 0.303455
1011.png	0.325172 0.327065 0.347763
1012.png	0.288774 0.326627 0.384599
1013.png	0.328624 0.329350 0.342026
1014.png	0.407461 0.330056 0.262483
1015.png	0.320003 0.323304 0.356693
1016.png	0.346433 0.335910 0.317658
1017.png	0.369270 0.334677 0.296053
1018.png	0.384618 0.340138 0.275244
1019.png	0.343889 0.333201 0.322910
102.png	0.336780 0.329420 0.333800
1020.png	0.363653 0.333050 0.303297
1021.png	0.341242 0.333318 0.325439
1022.png	0.345338 0.339935 0.314727
1023.png	0.358625 0.332758 0.308617
1024.png	0.252700 0.326221 0.421079
1025.png	0.278531 0.308257 0.413212
1026.png	0.356460 0.334266 0.309274
1027.png	0.348656 0.334118 0.317226
1028.png	0.339615 0.331693 0.328692
1029.png	0.320345 0.328748 0.350907
103.png	0.463664 0.325774 0.210563
1030.png	0.352636 0.344216 0.303148
1032.png	0.357611 0.336032 0.306357
1033.png	0.339018 0.333958 0.327024
1034.png	0.398328 0.332477 0.269195
1035.png	0.373606 0.340497 0.285898
1036.png	0.294064 0.332549 0.373388
1037.png	0.344102 0.329252 0.326646
1038.png	0.337701 0.326741 0.335558
1039.png	0.342107 0.346968 0.310925
104.png	0.321780 0.343548 0.334672
1040.png	0.373600 0.334906 0.291495
1041.png	0.358340 0.336821 0.304839
1042.png	0.350516 0.331151 0.318334
1043.png	0.342725 0.333598 0.323677
1044.png	0.251889 0.314908 0.433203
1045.png	0.292141 0.328343 0.379516
1046.png	0.354898 0.335782 0.309320
1047.png	0.355602 0.331681 0.312716
1048.png	0.350735 0.333751 0.315514
1049.png	0.303557 0.335654 0.360789
105.png	0.364898 0.337291 0.297811
1050.png	0.265311 0.328060 0.406628
1052.png	0.337547 0.331713 0.330741
1053.png	0.367252 0.343925 0.288823
1054.png	0.338282 0.326794 0.334924
1055.png	0.372621 0.340302 0.287077
1056.png	0.366782 0.333377 0.299841
1057.png	0.343640 0.341154 0.315206
1058.png	0.354129 0.339482 0.306389
1059.png	0.355505 0.331718 0.312776
106.png	0.357543 0.330479 0.311977
1060.png	0.373645 0.341365 0.284990
1061.png	0.357530 0.334367 0.308102
1062.png	0.343370 0.339036 0.317594
1063.png	0.361036 0.334617 0.304348
1064.png	0.345587 0.331421 0.322992
1065.png	0.346430 0.331916 0.321653
1066.png	0.352041 0.334505 0.313454
1067.png	0.371696 0.313673 0.314631
1068.png	0.350861 0.335193 0.313946
1069.png	0.349497 0.333466 0.317037
107.png	0.359750 0.338303 0.301947
1070.png	0.381749 0.335687 0.282564
1071.png	0.346795 0.333391 0.319815
1072.png	0.322758 0.324889 0.352353
1073.png	0.330194 0.319440 0.350366
1074.png	0.350114 0.333036 0.316851
1075.png	0.357971 0.334324 0.307705
1076.png	0.348009 0.329720 0.322271
1077.png	0.348110 0.330781 0.321109
1078.png	0.304424 0.329482 0.366094
1079.png	0.373258 0.340085 0.286657
108.png	0.355130 0.336747 0.308123
1080.png	0.355163 0.332063 0.312774
1081.png	0.347242 0.336010 0.316748
1082.png	0.314085 0.332627 0.353288
1084.png	0.271678 0.320320 0.408002
1085.png	0.427006 0.331084 0.241910
1086.png	0.341186 0.336990 0.321825
1087.png	0.230244 0.319295 0.450462
1088.png	0.346733 0.331759 0.321508
1089.png	0.348616 0.333825 0.317559
109.png	0.307464 0.323438 0.369098
1090.png	0.357073 0.335595 0.307333
1091.png	0.343255 0.331050 0.325695
1092.png	0.344947 0.336208 0.318845
1093.png	0.351052 0.329547 0.319401
1094.png	0.346827 0.334649 0.318524
1095.png	0.353879 0.333964 0.312158
1096.png	0.258954 0.323086 0.417960
1097.png	0.355484 0.333730 0.310785
1098.png	0.333033 0.332234 0.334734
1099.png	0.316337 0.334311 0.349352
11.png	0.346989 0.336191 0.316820
110.png	0.367741 0.335150 0.297109
1100.png	0.343869 0.336356 0.319775
1101.png	0.350219 0.331271 0.318510
1102.png	0.256109 0.314692 0.429199
1103.png	0.350139 0.343271 0.306590
1104.png	0.360496 0.333810 0.305694
1105.png	0.368629 0.333092 0.298279
1106.png	0.367933 0.337303 0.294764
1107.png	0.373492 0.339135 0.287373
1108.png	0.344770 0.336171 0.319059
1109.png	0.347804 0.327290 0.324906
111.png	0.269865 0.320059 0.410076
1110.png	0.349653 0.329256 0.321092
1111.png	0.381515 0.338277 0.280209
1112.png	0.365971 0.337486 0.296543
1113.png	0.369921 0.341384 0.288695
1114.png	0.348550 0.334655 0.316795
1115.png	0.333553 0.328446 0.338001
1116.png	0.346636 0.332139 0.321224
1117.png	0.350510 0.338996 0.310494
1118.png	0.354273 0.330965 0.314761
1119.png	0.345115 0.338383 0.316502
112.png	0.357912 0.329367 0.312721
1120.png	0.343878 0.334657 0.321465
1121.png	0.277120 0.311617 0.411263
1122.png	0.350905 0.331965 0.317129
1123.png	0.364772 0.334070 0.301158
1124.png	0.372726 0.333958 0.293315
1125.png	0.302705 0.332424 0.364871
1126.png	0.332534 0.338702 0.328764
1127.png	0.356903 0.336641 0.306456
1128.png	0.329623 0.327779 0.342598
1129.png	0.375054 0.334339 0.290606
113.png	0.345257 0.337722 0.317021
1130.png	0.345248 0.331412 0.323340
1131.png	0.342853 0.329355 0.327792
1132.png	0.359912 0.334676 0.305412
1133.png	0.351395 0.337980 0.310625
1134.png	0.246674 0.318638 0.434687
1135.png	0.341670 0.339729 0.318601
1136.png	0.279780 0.319363 0.400857
1137.png	0.355006 0.334518 0.310476
1138.png	0.291359 0.316592 0.392050
1139.png	0.343944 0.334933 0.321122
114.png	0.348313 0.329030 0.322657
1140.png	0.340920 0.338691 0.320389
1141.png	0.369224 0.325120 0.305656
1142.png	0.355326 0.330607 0.314067
1143.png	0.351720 0.328015 0.320265
1144.png	0.350603 0.334623 0.314774
1145.png	0.406045 0.332800 0.261155
1146.png	0.354916 0.339915 0.305169
1147.png	0.377762 0.336445 0.285793
1148.png	0.331937 0.325794 0.342269
1149.png	0.339785 0.332619 0.327596
115.png	0.383684 0.337949 0.278367
1150.png	0.343711 0.331284 0.325005
1151.png	0.368833 0.335822 0.295345
1152.png	0.354663 0.335060 0.310277
1153.png	0.334286 0.330426 0.335288
1154.png	0.349372 0.330205 0.320423
1155.png	0.353247 0.334088 0.312665
1156.png	0.352153 0.337056 0.310791
1157.png	0.353625 0.334341 0.312034
1159.png	0.356393 0.332043 0.311563
116.png	0.347798 0.335095 0.317107
1160.png	0.332559 0.331121 0.336320
1161.png	0.365466 0.337910 0.296624
1163.png	0.354031 0.328402 0.317567
1164.png	0.284113 0.322339 0.393547
1165.png	0.314995 0.330510 0.354495
1166.png	0.339491 0.335658 0.324851
1167.png	0.371735 0.334348 0.293917
1168.png	0.293458 0.326903 0.379639
1169.png	0.356897 0.336822 0.306282
117.png	0.276061 0.319793 0.404146
1171.png	0.318309 0.336211 0.345479
1172.png	0.368859 0.329205 0.301935
1173.png	0.348125 0.335838 0.316037
1174.png	0.360005 0.319060 0.320935
1175.png	0.346940 0.332327 0.320733
1176.png	0.384730 0.335248 0.280022
1177.png	0.344192 0.331241 0.324567
1178.png	0.300727 0.328719 0.370553
118.png	0.393686 0.323338 0.282975
1180.png	0.351311 0.337006 0.311683
1181.png	0.254718 0.315881 0.429401
1182.png	0.361057 0.339786 0.299157
1183.png	0.296083 0.324934 0.378983
1184.png	0.345491 0.333642 0.320866
1185.png	0.370409 0.317011 0.312580
1186.png	0.322188 0.328976 0.348836
1187.png	0.399263 0.338150 0.262586
1188.png	0.293004 0.333304 0.373692
1189.png	0.358742 0.333172 0.308086
119.png	0.364598 0.334037 0.301365
1191.png	0.270556 0.324537 0.404907
1193.png	0.265674 0.326976 0.407350
1194.png	0.358539 0.334614 0.306847
1195.png	0.344492 0.340634 0.314874
1196.png	0.349746 0.337406 0.312848
1197.png	0.380216 0.335427 0.284357
1198.png	0.343090 0.331862 0.325048
1199.png	0.356159 0.340213 0.303628
12.png	0.353335 0.345861 0.300804
120.png	0.345445 0.337984 0.316570
1200.png	0.351444 0.336622 0.311935
1201.png	0.342833 0.332190 0.324977
1202.png	0.353423 0.336603 0.309974
1203.png	0.316652 0.318326 0.365022
1204.png	0.330786 0.333625 0.335589
1205.png	0.309169 0.317673 0.373159
1206.png	0.339714 0.328763 0.331523
1207.png	0.345926 0.335787 0.318287
1208.png	0.356699 0.333716 0.309585
1209.png	0.356005 0.328642 0.315352
121.png	0.343741 0.335472 0.320787
1210.png	0.340161 0.335205 0.324634
1211.png	0.339072 0.332157 0.328771
1212.png	0.254424 0.319470 0.426106
1213.png	0.348383 0.336941 0.314676
1214.png	0.357670 0.339435 0.302896
1215.png	0.345547 0.334545 0.319909
1216.png	0.348089 0.336814 0.315097
1217.png	0.300890 0.329620 0.369489
1218.png	0.320089 0.333034 0.346878
1219.png	0.358745 0.332462 0.308794
122.png	0.358133 0.340697 0.301170
1220.png	0.312683 0.325648 0.361669
1221.png	0.312869 0.328504 0.358627
1222.png	0.339255 0.332619 0.328126
1223.png	0.354242 0.328923 0.316835
1225.png	0.347036 0.330275 0.322689
1226.png	0.347007 0.330454 0.322539
1227.png	0.345797 0.334649 0.319553
1228.png	0.347787 0.336613 0.315599
1229.png	0.347803 0.336121 0.316076
123.png	0.372468 0.340880 0.286651
1230.png	0.334494 0.331383 0.334123
1231.png	0.349390 0.331071 0.319539
1232.png	0.347779 0.333676 0.318545
1233.png	0.297311 0.324367 0.378323
1234.png	0.346633 0.329643 0.323724
1235.png	0.398279 0.348464 0.253258
1236.png	0.356169 0.340738 0.303093
1237.png	0.328581 0.325357 0.346062
1238.png	0.353368 0.334318 0.312315
1239.png	0.380710 0.341469 0.277821
124.png	0.379104 0.339259 0.281637
1240.png	0.361156 0.338153 0.300691
1241.png	0.375633 0.333130 0.291237
1242.png	0.347981 0.334969 0.317050
1243.png	0.365404 0.336491 0.298105
1244.png	0.354228 0.334848 0.310924
1245.png	0.279594 0.326158 0.394249
1247.png	0.353552 0.339636 0.306812
1248.png	0.332415 0.336738 0.330846
1249.png	0.350073 0.334308 0.315619
125.png	0.353274 0.337572 0.309154
1250.png	0.345156 0.334161 0.320683
1251.png	0.346437 0.331488 0.322074
1252.png	0.358958 0.337071 0.303971
1253.png	0.364480 0.339368 0.296151
1254.png	0.348032 0.334914 0.317054
1255.png	0.352055 0.334739 0.313207
1256.png	0.349589 0.333696 0.316715
1257.png	0.284071 0.319388 0.396540
1258.png	0.336848 0.337452 0.325701
1259.png	0.346616 0.334258 0.319126
126.png	0.292456 0.332405 0.375139
1261.png	0.349184 0.334424 0.316392
1262.png	0.346404 0.336809 0.316787
1264.png	0.381891 0.343787 0.274322
1265.png	0.349749 0.335614 0.314637
1266.png	0.348737 0.334468 0.316794
1267.png	0.346288 0.330523 0.323189
1268.png	0.344689 0.336189 0.319122
1269.png	0.349321 0.335765 0.314914
127.png	0.355640 0.337997 0.306363
1270.png	0.345374 0.329939 0.324687
1271.png	0.257685 0.315187 0.427128
1272.png	0.344512 0.339657 0.315832
1273.png	0.356542 0.310913 0.332545
1274.png	0.357156 0.334332 0.308512
1275.png	0.352406 0.333674 0.313919
1276.png	0.368840 0.335939 0.295221
1277.png	0.288781 0.319456 0.391763
1278.png	0.368671 0.332270 0.299059
1279.png	0.354751 0.336759 0.308490
128.png	0.370810 0.341543 0.287647
1280.png	0.272927 0.324016 0.403057
1281.png	0.350480 0.332830 0.316690
1282.png	0.335199 0.331227 0.333575
1283.png	0.335551 0.330043 0.334407
1284.png	0.343883 0.332135 0.323982
1285.png	0.363368 0.333053 0.303579
1286.png	0.352335 0.335469 0.312197
1287.png	0.410327 0.335259 0.254414
1288.png	0.367770 0.336727 0.295503
1289.png	0.337392 0.327713 0.334895
129.png	0.250113 0.325762 0.424125
1291.png	0.347425 0.337560 0.315015
1292.png	0.369436 0.327841 0.302723
1293.png	0.376899 0.338846 0.284255
1294.png	0.341914 0.332346 0.325740
1295.png	0.343805 0.330451 0.325745
1296.png	0.339081 0.329543 0.331376
1297.png	0.367397 0.332520 0.300082
1298.png	0.387727 0.337755 0.274518
1299.png	0.344159 0.326784 0.329057
13.png	0.344251 0.336850 0.318900
130.png	0.351650 0.335398 0.312952
1300.png	0.329538 0.332840 0.337622
1301.png	0.369038 0.335647 0.295315
1302.png	0.353855 0.328214 0.317931
1303.png	0.385590 0.340060 0.274350
1304.png	0.362372 0.332826 0.304801
1305.png	0.423774 0.344309 0.231917
1306.png	0.345157 0.335149 0.319694
1307.png	0.291066 0.320394 0.388540
1308.png	0.356062 0.336349 0.307589
1309.png	0.291941 0.326997 0.381062
131.png	0.352906 0.336952 0.310143
1310.png	0.379689 0.338876 0.281435
1311.png	0.312111 0.340354 0.347535
1312.png	0.343564 0.336228 0.320208
1313.png	0.382369 0.335660 0.281971
1314.png	0.346524 0.328506 0.324970
1315.png	0.350187 0.337288 0.312525
1316.png	0.302678 0.331317 0.366005
1317.png	0.363950 0.335366 0.300684
1318.png	0.343603 0.333969 0.322427
1319.png	0.349546 0.337637 0.312818
132.png	0.333233 0.329387 0.337380
1320.png	0.346081 0.337109 0.316811
1321.png	0.336282 0.322725 0.340993
1322.png	0.321642 0.335887 0.342472
1323.png	0.348156 0.330964 0.320879
1324.png	0.350651 0.327147 0.322202
1325.png	0.348789 0.332613 0.318597
1326.png	0.341924 0.330744 0.327333
1327.png	0.265934 0.320515 0.413551
1328.png	0.341635 0.335461 0.322904
1329.png	0.323458 0.328141 0.348402
133.png	0.347866 0.335855 0.316279
1330.png	0.353331 0.335013 0.311656
1331.png	0.340939 0.334452 0.324609
1332.png	0.382858 0.339257 0.277885
1333.png	0.359562 0.334751 0.305687
1334.png	0.382776 0.336079 0.281145
1335.png	0.342555 0.337657 0.319788
1336.png	0.355032 0.328679 0.316288
1337.png	0.344946 0.338401 0.316653
1338.png	0.260624 0.316416 0.422959
1339.png	0.349433 0.338789 0.311778
134.png	0.350106 0.330735 0.319159
1340.png	0.345919 0.335414 0.318667
1341.png	0.354425 0.335863 0.309712
1343.png	0.344569 0.334332 0.321100
1344.png	0.340818 0.338469 0.320713
1345.png	0.359926 0.341886 0.298188
1347.png	0.367588 0.329832 0.302580
1348.png	0.350273 0.334093 0.315633
1349.png	0.345345 0.345465 0.309190
135.png	0.379843 0.332371 0.287786
1350.png	0.354377 0.341841 0.303781
1351.png	0.326598 0.339544 0.333858
1352.png	0.308053 0.332750 0.359197
1353.png	0.279296 0.327737 0.392967
1354.png	0.349044 0.336252 0.314705
1355.png	0.351127 0.343235 0.305638
1357.png	0.343623 0.339122 0.317254
1358.png	0.346326 0.335567 0.318106
1359.png	0.346941 0.334665 0.318394
136.png	0.350151 0.334101 0.315748
1360.png	0.352129 0.336143 0.311728
1361.png	0.351504 0.333878 0.314618
1362.png	0.342108 0.330764 0.327128
1363.png	0.497130 0.334232 0.168639
1364.png	0.338501 0.330623 0.330877
1365.png	0.350129 0.337398 0.312473
137.png	0.342026 0.337787 0.320187
138.png	0.264682 0.318847 0.416471
139.png	0.348035 0.342100 0.309866
14.png	0.364411 0.339635 0.295954
140.png	0.346279 0.334976 0.318745
141.png	0.344067 0.336322 0.319611
142.png	0.349903 0.335835 0.314263
143.png	0.347229 0.334269 0.318502
144.png	0.330374 0.330670 0.338956
145.png	0.236933 0.314803 0.448264
146.png	0.354845 0.336092 0.309063
147.png	0.356546 0.336690 0.306763
148.png	0.319812 0.341019 0.339169
149.png	0.250457 0.317649 0.431894
15.png	0.361664 0.337928 0.300408
150.png	0.350931 0.333227 0.315842
151.png	0.366006 0.339021 0.294972
152.png	0.352651 0.328195 0.319154
153.png	0.365910 0.338489 0.295600
154.png	0.347548 0.334872 0.317580
155.png	0.359122 0.334186 0.306692
156.png	0.350267 0.329450 0.320283
157.png	0.389283 0.326543 0.284174
158.png	0.257579 0.311982 0.430439
159.png	0.305869 0.323839 0.370292
16.png	0.344196 0.336471 0.319333
160.png	0.357151 0.334858 0.307991
161.png	0.357517 0.329213 0.313271
162.png	0.362641 0.335128 0.302231
163.png	0.368371 0.332665 0.298964
164.png	0.356976 0.333984 0.309040
165.png	0.295998 0.325829 0.378173
166.png	0.351423 0.333306 0.315271
167.png	0.305631 0.322885 0.371484
168.png	0.333947 0.327406 0.338648
169.png	0.368485 0.334698 0.296818
170.png	0.356046 0.336416 0.307537
171.png	0.347055 0.335898 0.317048
172.png	0.287773 0.319810 0.392416
173.png	0.359811 0.334487 0.305702
174.png	0.341511 0.327587 0.330902
175.png	0.343213 0.335571 0.321216
176.png	0.349479 0.332894 0.317627
177.png	0.353264 0.336001 0.310735
178.png	0.263018 0.318100 0.418882
179.png	0.377921 0.337087 0.284992
18.png	0.345156 0.343281 0.311563
180.png	0.351774 0.337105 0.311121
182.png	0.350561 0.333387 0.316052
183.png	0.377092 0.336067 0.286841
184.png	0.347422 0.335316 0.317262
185.png	0.340655 0.331781 0.327564
186.png	0.368756 0.342793 0.288450
187.png	0.349163 0.340534 0.310303
188.png	0.304598 0.323904 0.371498
189.png	0.349601 0.335983 0.314416
19.png	0.346970 0.334923 0.318106
190.png	0.277505 0.328348 0.394147
191.png	0.361827 0.334826 0.303346
192.png	0.357354 0.343901 0.298745
193.png	0.353089 0.333977 0.312934
194.png	0.373961 0.336928 0.289111
195.png	0.345987 0.331162 0.322852
197.png	0.284705 0.326171 0.389124
198.png	0.345918 0.339774 0.314308
199.png	0.318816 0.328049 0.353136
2.png	0.348429 0.335015 0.316556
20.png	0.345265 0.338775 0.315960
200.png	0.363128 0.339175 0.297696
201.png	0.338498 0.330731 0.330771
202.png	0.329948 0.332236 0.337816
203.png	0.347867 0.328004 0.324129
204.png	0.318900 0.329944 0.351156
205.png	0.349954 0.333398 0.316648
206.png	0.355303 0.330061 0.314635
207.png	0.313682 0.329059 0.357259
208.png	0.354326 0.340457 0.305217
209.png	0.346946 0.337037 0.316017
21.png	0.354756 0.333808 0.311436
210.png	0.260232 0.327441 0.412327
211.png	0.347799 0.338563 0.313638
212.png	0.309357 0.333422 0.357221
213.png	0.352397 0.335076 0.312527
214.png	0.371956 0.337447 0.290597
215.png	0.395092 0.342553 0.262356
216.png	0.307414 0.326932 0.365653
217.png	0.346741 0.334804 0.318455
219.png	0.335668 0.329473 0.334858
220.png	0.321994 0.332627 0.345379
221.png	0.285310 0.324735 0.389955
222.png	0.299806 0.330482 0.369712
223.png	0.350689 0.336101 0.313209
224.png	0.271134 0.324849 0.404017
225.png	0.324336 0.324645 0.351018
226.png	0.429057 0.330228 0.240715
227.png	0.361614 0.338482 0.299905
228.png	0.352094 0.333730 0.314176
229.png	0.370542 0.330764 0.298694
23.png	0.340643 0.334560 0.324797
230.png	0.358724 0.335373 0.305903
231.png	0.372823 0.349943 0.277233
232.png	0.356521 0.333286 0.310193
233.png	0.350303 0.333048 0.316649
234.png	0.341142 0.339072 0.319786
235.png	0.334738 0.330432 0.334830
236.png	0.347586 0.342361 0.310053
237.png	0.354885 0.333232 0.311882
238.png	0.385531 0.335936 0.278534
24.png	0.263772 0.326841 0.409387
240.png	0.380027 0.339042 0.280931
242.png	0.347908 0.335525 0.316567
243.png	0.348566 0.338165 0.313269
244.png	0.353760 0.328676 0.317564
245.png	0.346586 0.336644 0.316770
246.png	0.297337 0.321530 0.381133
247.png	0.354878 0.338044 0.307078
248.png	0.345318 0.330368 0.324314
249.png	0.348862 0.327728 0.323410
25.png	0.342782 0.331029 0.326189
250.png	0.304945 0.328318 0.366737
251.png	0.360561 0.339093 0.300346
252.png	0.339682 0.331683 0.328635
253.png	0.294553 0.321480 0.383967
254.png	0.386375 0.341610 0.272015
255.png	0.345109 0.333512 0.321379
256.png	0.363138 0.343489 0.293373
257.png	0.303379 0.312319 0.384303
258.png	0.364898 0.334608 0.300494
259.png	0.356490 0.332633 0.310877
26.png	0.301069 0.330728 0.368203
260.png	0.315756 0.332908 0.351336
261.png	0.343447 0.332469 0.324084
262.png	0.355082 0.338453 0.306464
263.png	0.339834 0.339640 0.320526
264.png	0.349001 0.335411 0.315588
265.png	0.348190 0.335283 0.316527
266.png	0.338162 0.328061 0.333778
268.png	0.344758 0.333958 0.321284
269.png	0.304370 0.328864 0.366766
27.png	0.367461 0.323100 0.309439
270.png	0.365952 0.344059 0.289989
272.png	0.349356 0.333778 0.316866
273.png	0.343463 0.327389 0.329148
274.png	0.232070 0.310669 0.457261
275.png	0.334619 0.342740 0.322641
276.png	0.355273 0.329937 0.314790
277.png	0.354467 0.334928 0.310605
278.png	0.352038 0.340513 0.307450
279.png	0.343415 0.335845 0.320740
28.png	0.372263 0.334962 0.292775
280.png	0.356222 0.335739 0.308039
281.png	0.322860 0.329752 0.347388
282.png	0.346205 0.333169 0.320626
283.png	0.379499 0.334815 0.285685
284.png	0.406191 0.314820 0.278989
285.png	0.359937 0.339723 0.300340
286.png	0.347099 0.335233 0.317669
287.png	0.346732 0.331181 0.322087
288.png	0.343227 0.330353 0.326419
29.png	0.367059 0.337057 0.295884
290.png	0.355492 0.343469 0.301040
291.png	0.317350 0.322197 0.360453
292.png	0.342092 0.336191 0.321716
293.png	0.339643 0.329711 0.330646
294.png	0.347475 0.335356 0.317169
295.png	0.342475 0.338973 0.318552
296.png	0.441681 0.330089 0.228230
297.png	0.343444 0.329525 0.327032
298.png	0.297915 0.316696 0.385389
299.png	0.282117 0.306151 0.411732
3.png	0.350469 0.338472 0.311059
30.png	0.356110 0.331413 0.312476
300.png	0.340432 0.326970 0.332598
301.png	0.325933 0.337121 0.336946
302.png	0.336832 0.328766 0.334402
303.png	0.295458 0.330451 0.374091
304.png	0.346547 0.335776 0.317677
305.png	0.334735 0.323457 0.341809
306.png	0.327375 0.338696 0.333929
307.png	0.354039 0.336867 0.309094
308.png	0.265835 0.327430 0.406736
31.png	0.309486 0.320366 0.370147
310.png	0.376776 0.338472 0.284752
311.png	0.330836 0.336600 0.332564
312.png	0.353125 0.332590 0.314285
313.png	0.373082 0.338369 0.288549
314.png	0.358617 0.333294 0.308088
315.png	0.350315 0.327943 0.321743
316.png	0.340452 0.328450 0.331098
317.png	0.396343 0.333853 0.269804
318.png	0.348179 0.335838 0.315984
319.png	0.350402 0.330851 0.318748
32.png	0.357536 0.334208 0.308256
320.png	0.240602 0.321097 0.438301
321.png	0.261430 0.326463 0.412107
322.png	0.351896 0.332048 0.316056
323.png	0.323740 0.333128 0.343133
324.png	0.246023 0.322026 0.431952
325.png	0.325912 0.330988 0.343100
326.png	0.344123 0.333013 0.322864
327.png	0.352828 0.332340 0.314832
328.png	0.306535 0.322147 0.371318
329.png	0.309045 0.321617 0.369339
33.png	0.350627 0.334676 0.314697
330.png	0.349432 0.332915 0.317654
331.png	0.341666 0.336782 0.321553
332.png	0.352967 0.331948 0.315085
334.png	0.297714 0.332951 0.369334
335.png	0.322314 0.324979 0.352708
336.png	0.351790 0.342037 0.306173
337.png	0.351854 0.334258 0.313889
338.png	0.363824 0.346532 0.289644
339.png	0.359908 0.332745 0.307347
34.png	0.351341 0.334026 0.314633
340.png	0.350707 0.334716 0.314577
341.png	0.237113 0.312498 0.450389
342.png	0.386362 0.339790 0.273848
343.png	0.304215 0.333238 0.362548
345.png	0.333156 0.329999 0.336845
346.png	0.280039 0.325648 0.394312
347.png	0.333347 0.330898 0.335755
348.png	0.297644 0.321479 0.380878
349.png	0.348837 0.314319 0.336844
35.png	0.324189 0.322870 0.352942
350.png	0.288226 0.321407 0.390366
351.png	0.354759 0.334782 0.310459
352.png	0.330560 0.336666 0.332774
353.png	0.249254 0.317210 0.433536
354.png	0.365289 0.335994 0.298716
355.png	0.345399 0.333247 0.321354
356.png	0.349265 0.334761 0.315974
